gen_data = [
  1 1 0 0 1.06 0 0;
  2 2 40 0 1.00 -20 50;
  5 2 30 0 1.00 -15 40;
  9 2 20 0 1.00 -10 30;
  13 2 25 0 1.00 -15 35;
];